              perf3                   perf3 /
              macros      chars       chars * 100
  -------------------------------------------------
  scala       15963       24885       64,15
  nim         11121       20263       54,88
  java        17969       53223       33,76
  ocaml       7063        24371       28,98
  coffee      2326        15653       14,86
  racket      2461        17229       14,28
  cs          5414        45039       12,02
  clojure     1174        10099       11,62
  ruby        1255        13247       9,47
  go          3048        36321       8,39
  vb          4523        58099       7,78
  rust        4084        56516       7,23
  js          1726        26437       6,53
  c           3649        73047       5,00
  haskell     1163        30115       3,86
  python      304         19632       1,55
  forth       563         44715       1,26
  php         331         27332       1,21